13.369779,21.794058,30.373104,35.751621,71.023621,126.649696,122.993462,123.456085,124.456009,124.971664,124.691414,
26.552004,43.283123,60.532848,71.160622,140.226929,147.314133,134.098907,160.916168,153.680923,126.738731,
40.526051,71.315521,110.862991,130.928894,151.355072,173.437286,154.120987,195.177612,134.821930,
41.676601,67.329964,128.440948,136.615295,176.332825,222.586227,191.873535,158.858704,
47.288391,87.158730,122.603790,169.466339,235.182571,270.465759,203.283325,
53.190895,89.838341,161.509186,249.522156,286.699432,319.288757,
56.236359,103.320122,191.665939,302.721069,372.314880,
50.334839,94.265274,164.774414,299.222382,
30.761477,71.182167,155.841446,
23.776730,57.915470,
14.807611,
