10.311697,6.338114,4.556931,3.876132,1.967000,1.117049,1.149305,1.145134,1.136172,1.131619,1.134105,
5.208073,3.207200,2.302361,1.963248,1.011987,0.964832,1.056797,0.885973,0.926169,1.116294,
3.423232,1.959300,1.271609,1.081578,0.939910,0.824379,0.923635,0.736036,1.051268,
3.329703,2.073129,1.101940,1.037884,0.811301,0.649319,0.748189,0.897039,
2.938311,1.608740,1.152855,0.842868,0.616246,0.540169,0.707951,
2.615743,1.561771,0.882846,0.582663,0.511231,0.462358,
2.475827,1.362080,0.749174,0.485887,0.401195,
2.762356,1.489864,0.865960,0.491172,
4.499769,1.962662,0.913804,
5.812347,2.404972,
9.313598,
