13.328451,21.684519,30.160423,35.457760,69.872375,123.037582,119.584435,120.019966,120.966682,121.453346,121.187187,
26.389599,42.853249,59.694786,70.005898,135.810928,142.448608,130.052338,155.127731,148.395081,123.120720,
40.148891,70.146950,108.082695,127.072624,146.225601,166.718124,148.802246,186.728638,130.736343,
41.276642,66.295425,124.724533,132.422272,169.405594,211.666443,183.695572,153.213943,
46.774811,85.432655,119.216133,163.060974,223.026291,254.436737,194.136185,
52.542995,88.002007,155.677216,235.880646,268.838989,297.256256,
55.512344,100.903732,183.453995,282.862091,342.573914,
49.754261,92.249298,158.712814,279.818237,
30.543560,70.026817,150.403183,
23.646034,57.147831,
14.756806,
